10.212756
10.09966
9.987987
9.867272
9.774857
9.693677
9.612374
9.569616
9.548199
9.558093
9.527708
9.495906
9.454956
9.409096
9.371802
9.362913
9.3578005
9.342968
9.337214
9.3108425
9.298898
9.295051
9.286424
9.274959
9.285356
9.259983
9.272869
9.273566
9.24771
9.25488
9.269103
9.261434
9.243928
9.247391
9.25153
9.247027
9.239826
9.234173
9.225876
9.227541
9.2190275
9.216562
9.211141
9.217036
9.22452
9.232834
9.212888
9.221522
9.210427
9.208795
9.21594
9.214324
9.210401
9.216814
9.20812
9.207286
9.217427
9.225495
9.221146
9.197656
9.2252655
9.225806
9.216611
9.215492
9.197832
9.209723
9.230923
9.204213
9.210792
9.218624
9.211715
9.224694
9.208063
9.221948
9.193838
9.211375
9.212264
9.2262535
9.222314
9.218264
9.2213335
9.209726
9.215327
9.214201
9.201815
9.208266
9.212936
9.209487
9.219267
9.218806
9.223155
9.215975
9.210235
9.219966
9.2081375
9.227649
9.227471
9.236188
9.2326975
9.213698
9.205247
9.206879
9.215873
9.208952
9.201101
9.214851
9.218176
9.205111
9.211533
9.216725
9.218259
9.207358
9.20289
9.214431
9.212739
9.214698
9.201186
9.2177105
9.208104
9.216533
==========
9.222684
9.21218
9.210637
9.203508
9.2235565
9.208811
9.212941
9.221672
9.218037
9.218227
9.227115
9.219786
9.217275
9.2147455
9.220481
9.238443
9.225466
9.224184
9.231775
9.215404
9.229741
9.233806
9.237996
9.237657
9.238192
9.233264
9.22863
9.227383
9.236407
9.2418165
9.233472
9.233489
9.226656
9.2416115
9.237281
9.236404
9.235566
9.247029
9.234588
9.243909
9.248127
9.248177
9.250519
9.253435
9.242813
9.240959
9.24877
9.248663
9.251695
9.253642
9.245036
9.257632
9.24808
9.2545185
9.2530365
9.251677
9.253072
9.257438
9.251289
9.262697
9.263399
9.261196
9.26622
9.270005
9.273821
9.265147
9.275706
9.262097
9.2729225
9.263189
9.264863
9.270772
9.271089
9.287537
9.280923
9.285142
9.284933
9.292923
9.290505
9.282966
9.299563
9.285687
9.285234
9.2885475
9.301932
9.290846
9.286897
9.297479
9.289274
9.297752
9.304666
9.301834
9.30323
9.300019
9.310132
9.301013
9.304384
9.30975
9.31456
9.329627
9.320603
9.314799
9.310357
9.32079
9.331061
9.335051
9.331675
9.33038
9.333939
9.335701
9.3315115
9.341258
9.338022
9.337332
9.331162
9.344085
9.33367
9.326624
9.321523
9.321713
9.32637
9.314181
9.319291
9.329714
9.337485
9.329138
9.325025
9.312071
9.325594
9.323295
9.31477
9.311225
9.322198
9.308212
9.304378
9.284986
9.290152
9.277848
9.265127
9.281585
9.272071
9.266462
9.249464
9.232536
9.2447605
9.224672
9.207395
9.20212
9.18355
9.15734
9.150261
9.126226
9.112364
9.119234
9.088287
9.09488
9.0766115
9.044632
9.057609
9.027949
9.003769
8.997752
8.971509
8.953021
8.940298
8.935201
8.916014
8.9092865
8.8958435
8.868118
8.852822
8.827888
8.825508
8.814512
8.791587
8.771819
8.747773
8.738462
8.710543
8.70502
8.67972
8.673313
8.641276
8.643506
8.640523
8.622482
8.6081
8.587685
8.570478
8.546277
8.542832
8.519011
8.506524
8.48861
8.48001
8.461233
8.435598
8.4355955
8.412951
8.390123
8.369052
8.351053
8.339598
8.324331
8.31573
8.2901325
8.269433
8.23151
8.235563
8.22006
8.200734
8.18905
8.175222
8.158461
8.152549
8.114892
8.095699
8.085076
8.07566
8.057288
8.039638
8.018486
7.991892
7.9867225
7.975532
7.9447975
7.947516
7.9222646
7.9002404
7.910334
7.8783145
7.8733397
7.865433
7.842476
7.8244224
7.815021
7.8111587
7.781831
7.7613406
7.754862
7.7406564
7.7290134
7.7242575
7.706701
7.68443
7.6732883
7.6734133
7.6437755
7.638503
7.62323
7.624481
7.6151156
7.6123314
7.5837193
7.5816684
7.5823755
7.5797706
7.5784206
7.5710044
7.553977
7.557014
7.541205
7.5347047
7.5269523
7.5204954
7.5262527
7.509531
7.5102115
7.507944
7.503281
7.471212
7.4649315
7.475938
7.463321
7.470968
7.4421105
7.4440074
7.4220676
7.4212112
7.4124613
7.4057884
7.394921
7.3716917
7.3641434
7.3938684
7.3642282
7.3747997
7.3552213
7.365217
7.3503866
7.311658
7.3200526
7.2986426
7.288715
7.2840366
7.2759132
7.268093
7.244133
7.2443724
7.240536
7.2511816
7.2327867
7.2476916
7.2168546
7.218285
7.2071266
7.2015586
7.2090907
7.200978
7.2131567
7.2101
7.2121725
7.1982327
7.1983657
7.179763
7.172168
7.1711473
7.1868615
7.1846085
7.184891
7.1581435
7.165565
7.161912
7.142833
7.152849
7.123533
7.131091
7.115034
7.1161876
7.1213737
7.114209
7.1179137
7.138634
7.1297264
7.1430507
7.1163
7.1305966
7.1426516
7.1357107
7.1289597
7.1142874
7.123218
7.1076584
7.1154227
7.1159596
7.1051455
7.104705
7.111863
7.1022134
7.0951123
